 0.824264 0.939894 4.34539 0.282618 -0.67418 1.99897
 1.39119 0.178474 2.02374 0.739953 0.0800873 0.977221
 -1.3883 -1.12134 -2.33001 0.47553 -0.662855 0.0786885
 -1.23482 5.1218 0.853597 0.898305 0.159863 1.77487
 1.84431 0.635128 0.501082 0.725419 0.296251 -1.74833
 0.0947428 4.08106 8.78134 0.129243 -0.784375 0.797069
 -0.293764 0.601569 1.59107 0.891624 -0.415717 -1.67072
 -0.0712527 1.04413 2.03709 0.0453366 -0.118358 -1.31732
 -0.247273 0.335245 0.385844 0.460107 -0.678382 -0.536045
 1.33837 -3.01952 7.29054 0.338729 -0.819785 -0.0858525
 -0.599093 -1.18468 2.73174 0.82974 0.488171 -1.43677
 -0.237882 -1.48656 -0.746181 0.723802 -0.00221195 0.269496
 1.781 0.402799 -4.70973 0.644575 0.199592 -0.239486
 -0.386822 -0.431091 0.89447 0.820072 -0.886005 -1.50827
 -0.0311154 1.91031 4.55936 0.436343 -0.617996 0.740757
 0.932454 -0.117118 1.02805 0.178657 0.80095 -0.501382
 -0.752649 1.55578 -0.68394 0.994845 0.609475 -0.237141
 -1.48519 1.60616 5.01966 0.445663 -0.616814 -0.965114
 -0.331919 0.643284 0.167229 0.283814 0.655826 -0.44009
 1.11332 1.16406 1.8752 0.0813827 0.298512 1.38851
 -0.612029 0.377855 2.92127 0.202668 -0.330891 1.9232
 -1.67212 2.67657 0.579072 0.735582 0.53251 -1.60029
 -0.115953 -0.252831 -1.07093 0.00375315 0.737682 -1.999
 -0.735913 4.14787 -0.828572 0.497098 0.931536 0.455298
 1.11778 0.278214 5.78284 0.0236552 0.907843 0.73121
 -1.03956 3.82049 -2.27423 0.538244 0.506692 1.39251
 -0.43494 2.22172 1.64113 0.454907 -0.230762 -1.03501
 -0.266397 -3.98866 0.528567 0.680953 0.871685 -1.30926
 0.915886 0.691175 1.05052 0.151303 -0.763189 0.00141876
 0.0513476 -0.320989 4.44645 0.680821 0.11442 0.787116
 -0.329886 2.61185 -0.229742 0.670975 0.317917 1.65439
 1.31018 2.87803 4.46461 0.619302 -0.780677 1.8073
 1.85149 0.451101 -0.120385 0.55332 0.361442 0.00932156
 0.601559 5.0436 -1.01339 0.387757 0.276533 -1.70844
 -0.747679 -1.76393 2.03511 0.417702 -0.110938 0.954513
 1.3643 2.45404 4.24484 0.486916 -0.364351 -1.46925
 -0.236389 1.6117 2.87126 0.624664 0.0294974 0.449745
 -0.761875 3.03528 -2.91622 0.554332 0.339408 0.36086
 0.05561 2.04092 1.38045 0.515245 0.189715 0.551048
 0.999887 1.9468 1.26135 0.0122588 -0.950547 0.396302
 1.04657 2.19422 0.323117 0.823701 -0.0300888 0.999169
 -1.16369 1.65566 2.22526 0.0368008 -0.247648 0.95631
 -1.24473 1.44367 -0.807158 0.401177 -0.695047 -1.10951
 1.21589 2.97461 0.432331 0.832362 0.15038 -1.52844
 -1.60095 1.03591 1.36014 0.0333625 -0.386833 1.38744
 0.398519 1.18861 7.77489 0.807284 0.627125 0.690931
 0.296677 0.607109 -0.519165 0.945614 0.650481 -0.296579
 -1.26406 2.68316 1.54792 0.885354 -0.689045 -1.81731
 0.191462 2.62492 0.671057 0.410083 -0.0656245 -0.242675
 2.16074 4.3038 -1.04023 0.94716 0.999446 1.87404
 0.237723 1.01161 -0.529101 0.906907 -0.10811 1.56082
 1.24656 0.930589 3.75012 0.0539857 -0.88973 0.131874
 -0.463452 1.3528 -0.399376 0.507318 0.865698 -0.875353
 -0.631248 0.280613 1.45264 0.251966 -0.904387 -0.763122
 1.3177 1.43397 3.19361 0.665277 0.590501 -1.40691
 0.0716104 1.77749 5.9068 0.758046 0.780933 -1.72483
 1.22435 0.230627 4.21191 0.461576 -0.530894 0.739581
 -0.771319 1.57504 2.65474 0.767355 -0.939663 0.298489
 -1.79157 0.900125 4.95727 0.40177 0.924671 1.20924
 -1.53427 1.55857 3.9793 0.83338 0.0652298 -1.50644
 0.657143 5.6721 -5.28714 0.665968 0.533721 0.657596
 -1.47638 4.47922 1.24879 0.966178 -0.757571 -0.895782
 1.47027 2.94299 8.84383 0.0474748 0.420664 -0.798905
 -0.703512 3.99074 -2.59716 0.817135 -0.207781 1.6164
 -0.355178 1.61455 3.18919 0.328296 0.346948 -0.0423156
 -1.40776 3.06063 3.27179 0.23102 -0.809247 1.80069
 -0.314966 2.67047 4.55338 0.489408 0.033619 1.3146
 0.099944 -1.86942 5.28665 0.332391 -0.0883414 1.44315
 -0.344343 2.26137 5.18601 0.490045 0.785953 -0.729511
 1.42268 1.93719 0.850261 0.0992817 -0.71497 -0.853192
 -0.27826 -0.671992 1.1257 0.882862 0.972952 -1.19674
 0.0397038 0.886965 3.30184 0.0788627 -0.273791 0.575263
 -1.63135 5.74144 2.18934 0.886989 0.336018 -1.01823
 -0.0389071 0.978548 4.8465 0.232835 -0.140363 0.705421
 -1.04767 -0.64077 1.90444 0.427561 -0.909429 1.56737
 1.31485 -4.26479 3.481 0.476683 0.0624615 -0.681062
 0.0774102 -4.88611 0.53279 0.24559 0.87331 1.3048
 -0.094824 -0.239597 3.99977 0.842984 -0.986149 -1.22903
 0.00647685 -2.30456 0.749521 0.982848 0.980613 -1.34191
 0.921704 0.660069 -0.356972 0.7389 0.0180327 -0.56973
 -1.7588 0.913242 4.60478 0.844209 0.0357565 -0.536462
 -0.685784 1.92944 -0.577972 0.255543 0.101641 -1.18767
 0.499849 -0.75808 1.85812 0.749018 -0.767445 -1.12696
 -0.0807489 1.93972 2.38157 0.318018 0.085964 -1.93142
 -0.470057 0.626245 -0.311829 0.637103 -0.397203 -1.63067
 -0.783723 3.06139 -2.05171 0.966159 0.943391 -1.0781
 -0.626507 0.371222 0.138642 0.459941 -0.711132 1.37787
 1.21153 3.50335 -1.75172 0.0302745 -0.627623 1.35279
 0.729466 -1.37728 2.17284 0.647951 0.763757 -0.368017
 -0.251512 0.457933 0.563886 0.0670269 -0.300636 -1.51328
 1.29151 2.02218 9.21317 0.0985925 0.0774766 -0.74446
 0.831948 3.12448 2.49846 0.49331 0.0541128 -0.144894
 0.836186 -0.62398 -1.09428 0.498433 -0.914563 1.08567
 0.8975 0.24033 2.32399 0.698235 0.0572567 0.479269
 0.15711 0.320847 7.93798 0.851024 0.161025 -1.2527
 -0.331937 -1.58286 0.492269 0.206268 -0.981301 0.630584
 0.84347 -0.0304461 0.804415 0.396318 0.343369 0.711672
 -1.08967 0.58918 5.31773 0.0678933 -0.80131 1.97085
 0.73454 -1.92937 5.27795 0.210921 0.356741 0.994324
 2.02143 -2.22092 0.689883 0.867911 0.32552 1.38772
 -0.192382 2.35803 1.71674 0.619931 0.424 0.60825
 -0.536546 -4.30537 -2.51145 0.667841 0.557687 -0.958838
 0.617365 4.54284 0.552995 0.730411 0.258313 0.313354
 -0.584462 1.31761 2.14227 0.874235 -0.099044 -1.08407
 0.995763 0.240563 -0.47678 0.513594 0.702791 0.211353
 0.200224 3.44069 0.322327 0.0684255 -0.766521 -1.2869
 0.829982 -0.582297 0.421882 0.452676 0.0493909 -0.280332
 1.35282 1.4696 1.07964 0.377025 0.401797 1.63221
 -1.09671 0.946708 2.76568 0.364294 0.406195 1.02231
 -0.617327 3.38485 2.5308 0.270943 0.233496 0.114276
 -0.203287 2.49075 3.21295 0.621009 0.706828 -1.95036
 0.518637 -3.3527 -2.32847 0.782637 -0.958499 -1.62944
 -0.689544 3.07399 -0.605162 0.902299 -0.0825555 1.48971
 0.20121 -2.1291 -1.72997 0.29557 0.55226 0.255767
 1.6891 -1.54599 -3.52888 0.494664 0.376302 0.0286374
 1.85737 3.152 2.66512 0.968651 -0.729254 -0.424739
 -0.589035 -0.943273 3.23904 0.333682 -0.385482 -1.5883
 -1.35948 1.74573 7.57418 0.19881 0.594969 1.92623
 0.160189 0.0101404 6.64777 0.802622 -0.674282 -0.410008
 0.337621 0.876802 7.18176 0.821393 0.865477 1.45717
 0.212793 2.89158 2.63482 0.527855 0.149713 0.889365
 0.109931 -2.65556 -0.573417 0.0699298 0.581936 1.03824
 -0.648232 3.01478 1.89402 0.516442 0.927176 0.756176
 0.260521 2.82917 7.27459 0.487855 0.941084 1.14002
 -1.04207 0.700435 1.0406 0.0145988 -0.573837 -1.22301
 -1.48331 -0.790292 3.30932 0.733605 0.173519 -1.47325
 -0.0673972 0.971292 5.97728 0.454719 0.744432 -0.110197
 -0.0490718 -1.01938 2.57248 0.319748 0.965736 0.779135
 -0.155939 4.70612 1.86162 0.934532 -0.813837 -0.7861
 1.52553 7.78956 1.77178 0.749189 0.926193 -1.15699
 1.72478 -1.71462 3.27996 0.749306 0.0652365 0.907683
 -0.163191 4.14106 3.26296 0.487057 0.919036 0.621028
 1.80561 1.3922 8.39909 0.716274 0.63777 1.40367
 0.670127 3.41098 0.74635 0.626795 -0.0750134 -0.894588
 -1.225 2.80579 8.6109 0.442677 -0.0902285 1.55794
 -0.438868 3.10768 3.97528 0.964388 0.390757 -1.03174
 1.32024 1.97826 8.93616 0.956308 -0.871417 1.67397
 0.89192 0.118411 -0.671899 0.289713 -0.133911 -1.29768
 0.906375 1.92578 1.54454 0.938046 -0.159114 -1.253
 1.60435 0.330222 6.25029 0.764858 -0.484978 -1.90784
 0.775162 5.78234 8.94084 0.936002 -0.179193 -1.84345
 1.37031 0.0779595 3.72567 0.212505 0.981231 -0.947426
 0.387581 -0.571206 2.8711 0.788152 0.705276 -1.65597
 -0.908426 3.74229 9.6954 0.649623 0.370159 -1.43738
 -0.356999 -2.08146 1.64954 0.967231 0.338705 1.89261
 -0.0167529 0.381959 8.11399 0.989798 -0.0759176 0.693898
 -0.816695 1.77485 -1.02435 0.802439 -0.848612 0.960891
 -1.97969 1.549 1.52207 0.512787 0.477128 -0.592551
 0.60152 0.694674 8.8937 0.599616 -0.320189 1.23582
 -0.296566 1.17453 2.21783 0.905033 0.125432 0.516995
 -0.116085 -0.846481 1.873 0.665736 -0.624413 -1.9881
 -0.837111 0.854281 5.47695 0.84831 -0.0758795 0.37956
 1.5 0.0876019 4.97059 0.780445 -0.114013 -1.56338
 0.388924 3.43626 -4.91543 0.364084 0.848473 1.79499
 -0.754762 -1.44947 2.20764 0.776565 -0.641595 -1.89545
 -0.718345 -1.85067 0.134079 0.0615012 0.0371144 -0.654944
 0.701582 3.48748 6.23713 0.448259 0.140185 0.139934
 0.848214 2.1189 6.25567 0.53584 -0.383242 -1.34061
 0.518261 0.400301 0.109456 0.312361 -0.641323 0.766276
 0.164219 0.293299 4.31238 0.131961 0.953184 1.06537
 1.25376 -2.32496 -0.147844 0.823694 -0.896861 1.10736
 -1.69029 -0.599651 5.61639 0.663315 -0.986018 0.259773
 1.09428 -1.98513 -0.981821 0.164646 0.558444 -0.305524
 -0.168376 2.35134 -0.597935 0.400986 -0.563225 0.603681
 -0.948787 0.749892 0.126934 0.0748214 0.153754 -1.67485
 1.82339 2.28865 5.18554 0.635461 -0.406406 1.8966
 -1.1675 2.19175 -0.62782 0.663977 -0.208355 1.99272
 0.141799 -0.972109 1.90466 0.596074 -0.255861 1.28095
 -1.47843 1.52891 10.5601 0.0949766 0.866659 -0.815951
 0.747617 4.70421 2.08648 0.173723 0.0687792 1.07045
 0.928991 1.74909 -2.00206 0.846017 0.691146 0.98028
 -1.41584 0.377664 1.70988 0.233917 0.540558 -1.81762
 -0.692112 0.670822 2.08148 0.698505 0.948157 -1.60845
 -1.12825 0.649766 1.51023 0.116533 -0.808761 0.0750248
 0.931496 3.68176 0.948452 0.0211725 0.033708 -0.230437
 0.411504 0.576509 4.31283 0.486145 -0.0127717 -0.112145
 -0.848276 6.9372 4.34602 0.247927 0.882347 -1.4838
 -0.563946 -3.44087 3.77856 0.19193 0.588006 -0.27796
 -1.11243 -3.5909 -0.403098 0.441176 -0.276665 0.625582
 0.892328 2.1317 0.61845 0.0694186 0.559721 -1.1812
 1.36204 -2.89305 1.15391 0.843629 -0.716652 1.1071
 0.656875 2.1435 1.47752 0.488815 -0.65649 -1.91932
 1.83636 1.78312 0.252624 0.376163 -0.57842 0.736144
 -0.335963 -0.672462 6.93236 0.232811 -0.452366 0.254381
 0.527508 -0.435035 6.25426 0.0388481 0.244959 0.323568
 -1.03021 4.33455 3.98462 0.946621 -0.66066 -1.55806
 1.20367 1.225 5.09405 0.3171 0.70172 1.81347
 -0.875331 0.59989 0.290516 0.457162 -0.196254 1.65165
 -1.12748 -1.12745 5.02906 0.0289212 0.259234 -1.5652
 -0.857332 0.158042 0.788717 0.942545 -0.911 0.188292
 1.38833 1.54513 0.933614 0.52024 0.210903 0.426739
 0.0729156 2.66007 2.60142 0.584918 0.80363 1.35992
 1.64769 1.88487 3.01164 0.600424 0.868988 -1.59272
 -0.596929 3.1883 1.88808 0.188701 -0.306723 1.40075
 -1.81703 0.0594275 5.84265 0.00666605 0.232811 0.884949
 -0.492998 2.06108 1.99824 0.454993 0.470909 -0.378296
 0.09791 -0.778308 5.50504 0.801568 -0.702057 -0.666499
 0.0663017 3.56684 5.49727 0.366015 0.524563 -0.236413
 1.2061 2.65848 -0.6843 0.0619498 0.114894 0.531374
 0.903582 2.7516 -0.716999 0.574525 -0.0517265 0.690255
 -0.29397 -1.35122 0.423082 0.0927317 0.148477 -0.586884
 -0.188039 1.59676 -1.94339 0.247955 0.813846 -0.651468
 -1.02805 0.474616 3.59059 0.237437 0.270988 1.50319
 0.386646 1.59766 6.32544 0.121861 0.338871 1.12021
 -0.593476 -0.780071 4.05061 0.0609511 0.749373 0.863366
 -1.43839 2.90555 2.56135 0.236501 -0.638617 0.376377
 -0.506641 -0.0498451 -2.01968 0.491172 -0.191181 0.20206
 0.89357 0.860161 0.43475 0.840126 -0.95918 -0.803062
 -0.0857935 0.644517 1.5514 0.894986 0.749444 -0.825846
 0.241448 3.84247 2.25525 0.995592 0.847634 -1.64921
 -1.118 0.642997 2.36257 0.930078 -0.957408 0.274793
 -0.699649 -2.0868 -1.50372 0.308977 0.324151 -0.465703
 3.58933 1.39085 -5.44689 0.265832 0.883426 0.837282
 0.19304 1.70191 2.5532 0.59383 -0.412531 0.145423
 -0.982144 1.85805 2.13323 0.660503 0.830281 -1.97452
 1.36119 0.484355 1.26112 0.720254 -0.498296 0.233695
 1.09758 -0.820924 -0.499196 0.601364 -0.174113 -1.85252
 0.981815 1.41601 5.18961 0.41728 0.133542 -0.308413
 0.954227 0.864818 0.309676 0.868241 -0.152234 1.5411
 0.0950076 2.37216 -0.10986 0.776108 -0.675424 0.689838
 0.0889891 1.92117 5.38083 0.269711 -0.638538 0.0636841
 -0.232106 3.02097 0.996111 0.761123 0.0389062 1.94452
 -0.196649 1.61741 4.57128 0.860448 -0.988531 -1.71899
 -0.72403 0.720606 3.19149 0.681163 0.647229 0.434078
 0.690978 2.23623 0.398396 0.467413 -0.714316 0.824325
 0.687023 3.0524 -0.941305 0.430148 -0.084104 -1.4995
 -0.299922 0.571741 -2.61691 0.127723 0.414042 -0.0757672
 -0.503993 0.894752 4.17359 0.169474 0.301937 -1.38232
 -0.534816 0.760769 2.67235 0.0170278 0.171842 -1.48269
 1.71757 -3.17819 -2.59132 0.00143082 -0.2556 -1.1328
 2.04331 1.52822 2.3181 0.365909 0.291149 -1.91288
 -0.765768 0.840295 -2.01432 0.443276 0.598121 -0.890099
 1.49895 -0.487185 5.98588 0.277557 -0.94523 -1.76179
 0.266805 3.93044 1.99598 0.1555 -0.862532 1.75137
 0.562141 0.839628 4.87459 0.413871 -0.477802 0.182821
 0.492452 -1.55115 0.0448127 0.638341 0.537843 -0.139309
 1.86519 -0.292394 6.5092 0.694108 -0.206605 -1.22564
 0.332941 1.96233 0.518048 0.0611356 -0.229599 1.1926
 0.899353 -1.15073 -0.605782 0.380002 -0.459472 0.761801
 -0.652335 4.26229 0.709979 0.355291 -0.13782 0.483544
 0.883681 -2.9996 6.9661 0.264345 -0.58823 1.31819
 -1.43492 7.68458 0.567422 0.753537 -0.435221 1.39149
 -0.171204 -2.43509 0.343274 0.413809 -0.659266 0.545724
 0.730003 2.19795 2.23917 0.936039 -0.742199 -0.598411
 -0.546289 5.1325 2.35771 0.934604 0.0539865 -1.93078
 -2.36971 -1.54388 2.85765 0.316143 -0.482389 -1.68863
 0.378179 -2.89976 3.23212 0.260215 0.179899 0.106447
 -0.279316 0.555362 -1.97134 0.810827 -0.0150986 0.183282
 0.701725 2.51451 -0.908856 0.702613 0.103071 0.506807
 0.321941 2.35263 5.55687 0.454173 0.369028 1.35906
 -0.197965 -0.70982 5.40471 0.368445 -0.579984 1.08894
 0.208279 3.10406 -2.28486 0.5401 0.900609 0.577726
 -0.931564 2.26304 -3.01246 0.807183 -0.0906158 -0.642922
 1.02095 -0.129424 4.96879 0.771857 -0.46793 1.52069
 -0.448858 0.9427 4.16754 0.993098 -0.737343 -0.822034
 -1.27891 3.23241 4.86546 0.823095 0.135872 1.04196
 0.0504848 -1.54744 3.22121 0.275551 -0.776862 -1.59613
 1.48883 4.18125 3.62922 0.835431 -0.968521 -0.637818
 -0.931485 2.76465 2.70299 0.144308 -0.994138 0.916198
 -0.4619 3.35848 4.26599 0.709285 0.254773 0.133715
 -1.00427 4.64553 4.33125 0.920938 -0.619558 -0.0810945
 -0.159006 -0.533572 3.63253 0.174116 0.986749 -0.489204
 0.263646 0.392321 5.04862 0.886171 -0.458946 -1.76379
 1.4615 2.00185 1.05389 0.61296 -0.405029 0.82287
 0.125894 3.07572 4.81564 0.399632 0.9586 -1.54682
 -0.344558 1.90852 2.81905 0.187928 -0.573306 0.123787
 -1.97165 -0.629568 -1.01613 0.049147 0.096441 1.14055
 -0.614681 1.81019 1.90379 0.563265 -0.282108 1.09006
 1.21799 2.66761 -0.37793 0.848628 -0.482073 1.95833
 0.449196 0.553198 9.44673 0.145392 -0.0198453 -1.17559
 -0.30729 0.250676 4.41447 0.101845 -0.722506 0.325719
 -0.53121 2.19213 4.03087 0.0455549 -0.83407 -0.703598
 -0.376024 0.267828 3.46176 0.357563 -0.126845 -0.244404
 -1.00969 1.10301 -0.0652953 0.122329 0.182793 1.72889
 0.0828894 0.520496 0.791838 0.064392 -0.0160837 -1.12773
 -0.705485 1.56845 2.44945 0.932542 -0.349673 -1.41902
 0.28416 0.0997497 5.85751 0.378781 -0.349063 1.96916
 0.147693 0.656342 2.00005 0.803352 0.611501 0.579365
 -1.3099 2.32567 -0.536175 0.339521 -0.339826 1.96833
 0.631955 1.72771 -0.84094 0.653837 -0.839363 -1.35607
 1.55079 2.46176 5.07458 0.927215 0.197205 -0.0701105
 -1.18801 2.42943 7.18216 0.557261 0.508652 -0.506486
 0.743465 2.22854 3.60563 0.345096 -0.14179 -1.42037
 -0.772084 2.89324 8.97566 0.686288 0.414379 -0.354896
 0.355057 5.92184 5.30727 0.572762 0.79917 0.838751
 -0.0677493 -0.364748 3.80135 0.248798 0.365395 0.241748
 1.38324 1.85755 3.87816 0.394468 0.464718 0.647292
 1.64746 -0.0523927 -0.462281 0.972094 -0.191192 -0.967386
 1.67247 -1.02145 -2.0439 0.233486 -0.241271 1.93064
 -1.27562 -0.0141567 4.30567 0.0359361 0.139745 1.92146
 0.787403 1.44489 -1.51492 0.601141 0.847236 -1.89562
 -0.780994 0.824962 6.77961 0.153745 -0.801598 -1.09155
 -1.25481 3.49681 -0.200857 0.696279 -0.50129 1.5718
 1.58713 -2.56011 2.24238 0.652345 0.0762428 -0.715215
 0.0922894 0.089106 0.496117 0.348556 0.925797 -1.54577
 0.754633 -1.6262 6.07701 0.747983 0.648028 -1.81799
 -0.371729 2.23989 8.4043 0.390133 0.434976 1.31371
 1.32363 1.42777 0.922172 0.319429 -0.945695 -0.475664
 0.371712 6.17969 0.260241 0.759338 -0.368669 1.78105
 -0.394778 -1.25798 3.86432 0.389349 -0.0210863 0.757361
 0.341221 1.4914 6.24673 0.184192 0.0952898 -0.765451
 -1.69317 -0.00256374 6.37235 0.192346 -0.574512 -0.173266
 -0.0463292 1.43169 -0.864994 0.225805 -0.644601 -0.944448
 1.46563 5.9931 0.0264743 0.236819 0.779285 1.64476
 -0.00450784 3.8542 4.31445 0.0364232 0.334977 -0.819656
 1.48942 0.939965 0.36145 0.922609 0.918508 -0.221729
 -1.45832 -2.26968 1.92849 0.410028 -0.544567 -1.7498
 0.57151 -1.443 0.0939739 0.286179 -0.164639 -0.925417
 1.32591 -2.09121 3.34603 0.940904 -0.67883 -0.665453
 -0.546528 -1.02795 1.24417 0.853495 0.641862 -1.56856
 -1.34736 0.171662 4.94579 0.123969 0.574833 -0.15455
 -1.56179 4.16565 3.95255 0.594908 -0.672111 0.901779
 0.413992 1.94419 0.0640207 0.642235 0.137541 1.20137
 -0.561988 -2.19929 5.46981 0.0563933 0.108037 -0.969246
 0.277122 1.13151 -3.84182 0.0869069 -0.639293 1.09147
 0.0607462 1.2204 -0.607964 0.207713 0.599016 0.906278
 -1.57094 1.61102 5.06172 0.850071 0.351249 -1.51909
 1.07988 0.736661 2.0562 0.438717 0.10798 1.24687
 0.931864 0.254286 1.92684 0.81759 0.60292 -1.51309
 1.55637 0.602974 2.10121 0.902585 0.956087 -1.01038
 1.28259 0.987658 -1.21724 0.0660975 0.719473 1.45621
 -0.349608 -2.75619 7.40732 0.672334 -0.682986 1.15552
 1.01447 -0.64688 0.743784 0.23319 -0.0523748 -1.07166
 0.150671 2.93908 6.39748 0.665609 0.236934 -1.32038
 1.60622 -1.15085 -0.613335 0.803911 -0.922931 -1.65819
 1.43889 1.29515 1.66958 0.609604 -0.238978 -1.75469
 0.451944 3.20661 3.61004 0.387505 0.0907693 0.714759
 -0.830121 2.24892 1.98375 0.194408 0.260739 -1.12349
 -0.765871 -2.66527 -0.47947 0.366627 0.311678 -0.702395
 -0.632891 2.04973 0.836158 0.832754 -0.525286 1.93203
 1.24975 -0.656079 0.279193 0.272936 0.551625 -0.608712
 -0.355269 -1.5697 1.90678 0.805228 -0.614594 0.41825
 1.96949 2.02332 -0.711685 0.647698 0.667488 -0.0451158
 0.556176 0.807538 7.33666 0.330959 -0.729144 -0.70423
 -0.720592 2.09425 3.18264 0.036069 -0.297299 1.82627
 -0.0246692 -1.33012 1.37579 0.951318 -0.299763 -0.545483
 0.220147 2.22076 5.63758 0.960968 0.0707278 -0.605845
 0.360333 -1.97472 2.29728 0.537018 -0.536889 0.630284
 1.26682 2.28547 0.534966 0.855451 0.890352 -1.39465
 -0.20208 0.632782 1.16178 0.292303 -0.309076 -1.26546
 -1.04914 -0.547814 4.42018 0.970153 -0.965796 -1.97812
 -0.110049 0.565305 1.12924 0.838766 -0.0268666 1.06053
 -0.0574041 0.518354 3.85253 0.0539496 -0.916863 -1.87729
 -1.01572 -2.0286 5.61831 0.781782 -0.22545 -1.34043
 1.42916 0.680374 -0.400604 0.322984 0.597125 1.43487
 0.293959 0.937654 -0.806854 0.805975 0.16923 1.8119
 1.10724 2.2968 0.698005 0.741401 -0.251316 -1.84269
 0.210013 2.26358 4.38461 0.504276 -0.359231 0.608761
 0.103107 2.79735 1.03003 0.407318 -0.465341 -1.21708
 0.294534 -2.00529 5.70683 0.85009 0.483908 0.215997
 0.29802 2.58317 -3.31891 0.914521 0.858544 0.473787
 -0.124575 -2.95741 -2.19479 0.747163 -0.478293 0.966572
 0.281038 3.0862 3.94342 0.387214 -0.202303 -0.396083
 1.62175 2.09496 8.86369 0.996058 0.807306 1.21997
 0.639254 1.00124 1.01962 0.25136 0.649227 -1.16547
 -0.133439 -0.6586 1.38692 0.303299 0.730193 -0.815419
 0.0578731 -1.23638 5.32687 0.0358927 -0.46359 0.411881
 0.767943 -1.77987 4.79554 0.04249 -0.059096 1.37744
 0.364208 -1.57222 -4.28345 0.945001 -0.924179 -1.25756
 -3.02276 2.12985 -2.14404 0.723322 -0.744798 -0.686715
 1.1128 1.15875 -1.59749 0.410143 -0.270666 -0.495772
 -0.6171 2.58705 3.77837 0.164282 -0.154259 -1.01857
 0.000688955 -0.231476 1.3822 0.944915 -0.920761 -0.885752
 1.91602 2.27166 3.82223 0.59492 -0.512833 -1.8167
 1.48626 -4.41882 7.84263 0.0626058 0.199796 -1.93266
 -0.465825 1.33186 6.08247 0.129578 -0.618079 -0.27779
 -0.445212 2.63091 7.85364 0.708531 0.517489 0.133991
 0.127325 -0.474684 1.84094 0.805527 0.0816528 1.24464
 -0.10875 2.62432 0.932519 0.776691 0.2321 -0.919654
 -1.43539 2.34416 -2.87477 0.805591 0.403048 1.20333
 -1.77199 0.972723 -1.32133 0.949334 -0.099494 -1.56972
 0.868009 -0.514388 3.7771 0.277517 -0.844418 -1.19986
 0.54312 1.35293 2.26971 0.0486929 0.468283 1.88847
 -1.38777 1.01563 -3.45764 0.877852 0.0227616 0.147628
 1.13303 0.293098 1.31053 0.404427 -0.0140893 0.419396
 0.13492 2.53238 -0.59831 0.801306 -0.992881 1.04907
 -1.17962 0.723336 -0.679739 0.476442 0.843197 -0.669533
 0.155667 0.661308 3.06812 0.638662 0.480785 0.695853
 0.16005 2.26913 3.95043 0.321602 -0.593961 0.980977
 0.740372 -1.0363 0.869594 0.604202 0.396921 -0.400925
 0.727689 0.668465 -2.09763 0.963379 0.782002 0.227551
 0.941437 0.400354 3.58405 0.714813 -0.201139 -0.261911
 0.489067 0.581422 -4.71743 0.769422 0.759458 0.594379
 -1.04777 -0.266211 0.212069 0.896912 -0.624711 -1.4682
 0.3509 -0.362823 1.55691 0.360439 0.336323 -0.196009
 -0.46969 -0.602401 0.279483 0.457296 -0.0122111 -1.52832
 0.300102 -0.199857 0.311727 0.594776 -0.615447 -0.063393
 -0.619511 3.06699 7.40605 0.750784 0.363761 -1.0929
 -0.162336 0.403783 2.17039 0.257688 -0.383558 -1.9429
 0.975419 -0.574049 2.77031 0.140654 0.804053 1.38173
 -0.249138 7.36994 5.35427 0.865018 -0.651139 0.94239
 -1.43448 0.320226 -2.4335 0.308292 -0.715693 1.24185
 -0.364847 -0.352424 7.714 0.0580487 0.706201 -0.229299
 -1.0912 1.02601 9.74294 0.300645 -0.719992 0.969302
 0.45431 -1.54847 -3.40624 0.814267 -0.160658 0.638166
 1.56081 1.44053 0.316893 0.639064 -0.481609 -0.604499
 -0.306218 2.89179 6.75247 0.79566 0.00247033 1.30427
 1.32941 0.344998 2.59947 0.416224 -0.959172 0.243409
 1.37846 -0.979928 -3.2359 0.649893 -0.834957 -1.39442
 -0.604938 -2.86556 5.38162 0.763608 0.695799 -0.0461741
 1.10041 -1.6586 0.663993 0.597527 -0.63036 1.03802
 0.412236 -0.571202 -4.03344 0.924748 0.820285 -1.23953
 0.177552 -0.440119 -0.481035 0.433509 0.857648 -1.05346
 0.092444 2.94721 0.969556 0.112313 -0.489494 0.920108
 0.0883618 -1.5748 4.92629 0.448747 0.748963 -1.49063
 0.0499385 -0.168149 2.81782 0.0579761 -0.0963553 -0.642263
 -0.853446 4.26747 -0.13065 0.268688 -0.447933 1.94558
 0.196721 1.15393 2.18441 0.171186 -0.261526 0.565754
 1.28199 1.74611 3.2198 0.617194 0.767331 1.40497
 -2.16988 1.68901 6.88472 0.0576682 0.936443 0.611327
 0.266294 2.6886 1.96295 0.685135 -0.968419 -0.523055
 -0.22071 1.77104 3.34712 0.977032 0.83856 1.11192
 1.09532 -1.82347 3.36002 0.288775 0.725248 1.67684
 -0.541329 3.57273 -1.02658 0.245908 0.977148 -0.130921
 -1.50539 -1.91134 -2.55036 0.93349 0.583921 -1.52402
 1.68318 -1.84698 8.9303 0.70154 -0.209058 1.35595
 -0.00555385 2.69695 2.7316 0.316251 0.253015 -0.0488219
 0.436926 1.3078 2.34223 0.337428 -0.29274 1.10281
 -0.126912 -2.16102 -0.726426 0.813227 0.555139 0.910409
 1.37044 0.537754 6.661 0.0199195 -0.0327335 -1.28124
 0.280796 1.32143 2.1065 0.379072 0.538978 1.6868
 -2.46574 -0.706208 0.18547 0.797551 0.914716 -0.0107472
 0.679561 -0.232883 -3.39898 0.204754 -0.877897 -0.0904767
 0.21269 -1.18708 6.15956 0.889872 -0.606731 1.53458
 0.632828 -0.592108 0.738446 0.738372 -0.559759 1.7677
 -0.0429725 1.48396 2.19957 0.126747 -0.757514 -0.00619258
 0.847482 -2.31254 -1.06697 0.380533 0.592809 -1.01363
 0.0634297 1.73131 3.56818 0.0526062 0.633974 1.4833
 0.746286 4.98347 1.70057 0.752943 0.332198 1.91159
 0.602566 4.24997 7.76532 0.96328 -0.288944 0.24097
 -2.75129 0.826483 2.02888 0.534955 0.0351321 1.57526
 -0.211009 0.723895 1.26554 0.853873 -0.602258 -1.66668
 -0.667188 2.14945 4.29953 0.58139 -0.210569 1.2511
 0.480535 1.89698 3.63338 0.776905 -0.856147 -1.05948
 -1.28888 -3.33578 5.77321 0.552145 0.208172 0.209366
 1.57389 -0.725232 -0.845715 0.564814 -0.436882 -0.185561
 0.0306917 2.58914 -0.00590503 0.621744 0.92528 0.522316
 -0.815994 -1.54921 -0.555252 0.540247 0.351266 0.50623
 0.420354 0.93239 -0.410218 0.502172 -0.0380247 1.61486
 -0.117901 -1.13806 0.77385 0.26913 -0.623548 1.30869
 -0.0786688 1.16276 5.30848 0.948933 -0.930125 -0.39237
 -0.307565 2.33992 1.8419 0.692605 -0.590125 1.07869
 -1.0582 -0.055659 -0.303582 0.590031 -0.902278 1.44461
 0.602717 1.79158 4.93133 0.99785 -0.969924 0.795398
 -0.741364 -0.281301 2.11792 0.617653 -0.970013 -0.839111
 2.35732 2.82205 -0.387592 0.623961 -0.742197 -0.569967
 -1.28139 4.18187 3.93808 0.55907 0.712087 0.029897
 0.463369 -0.647942 5.05071 0.963926 -0.68572 1.84717
 -2.06696 -1.4838 5.15695 0.23017 -0.58915 -0.815396
 0.365547 0.362121 0.569911 0.234701 -0.200936 1.04116
 0.324564 0.617673 5.74453 0.339314 0.509249 0.83905
 0.874175 -0.296789 6.43922 0.419188 -0.775067 0.857767
 -0.0542551 2.11816 2.84831 0.19076 -0.276067 1.92958
 2.20919 1.79569 5.53046 0.00747819 0.855784 -1.1765
 1.48005 2.19497 3.39173 0.789264 0.770765 -1.91143
 0.21135 1.93922 3.3922 0.948225 0.0224693 -1.69695
 0.801241 1.87252 4.65316 0.520678 0.880002 -1.94956
 -0.0538779 3.38709 3.13971 0.219468 0.665876 -1.0588
 -0.711307 3.97826 5.72784 0.947769 -0.432661 -0.446353
 -0.449965 -0.339425 1.07313 0.833434 0.395273 -1.92916
 1.53462 0.244207 1.19567 0.427217 0.984162 -1.26999
 -1.57719 -1.43861 7.40136 0.982814 0.719047 1.93648
 -0.0636201 3.82953 4.09687 0.477187 0.753797 -0.360152
 0.0397142 -0.811163 3.17956 0.851032 -0.13395 0.72152
 -1.07905 -0.0620656 2.42619 0.111259 0.862508 1.82675
 2.98446 -0.39716 -0.350829 0.555415 -0.526724 -0.598701
 0.215371 -2.49351 3.99613 0.599423 0.71765 -0.579973
 -1.48137 1.62504 3.81508 0.59069 -0.959491 1.10253
 -0.501212 0.848468 7.73779 0.618486 0.506689 -1.185
 -0.109455 2.01144 2.26385 0.908354 -0.479139 -0.435939
 0.00310636 0.598691 -4.06046 0.475405 0.327868 -0.275818
 0.266319 -0.575336 0.0500558 0.293174 -0.796921 -0.108821
 0.206485 2.39576 -2.80755 0.0757838 -0.391894 -0.0398201
 0.238844 1.58497 4.20579 0.474282 0.95503 1.7376
 -1.78136 -0.876416 -2.27373 0.0190649 0.510291 -1.26269
 -2.19049 0.870712 5.84192 0.973677 -0.902067 -1.91733
 0.977547 0.41804 2.69546 0.465069 0.137259 0.602084
 -0.882407 3.75841 -1.54604 0.513906 0.928527 0.328581
 0.783334 -0.895069 -0.833574 0.145067 -0.814011 0.273943
 1.16759 0.0755203 -3.80415 0.332142 0.85726 -0.0282594
 0.355291 2.19275 -0.245909 0.357881 -0.830476 -1.14494
 1.18214 -4.30891 0.754666 0.214991 0.50581 -0.201746
 -0.315108 3.18141 4.86837 0.144073 -0.000219792 -0.945197
 0.304015 2.85036 0.693833 0.310128 -0.428609 0.865014
 0.538367 0.2919 3.64982 0.568692 0.234106 0.936253
 2.04338 2.74887 2.04104 0.0461659 0.646561 -0.893166
 -0.844601 2.35657 1.26443 0.65114 0.335907 -0.58053
 1.34685 2.88592 1.81115 0.852543 0.56453 0.36616
 -0.968887 -0.645071 2.29779 0.0468328 0.742761 -1.69924
 -1.09761 2.3428 -0.0546206 0.515595 0.737441 1.69024
 -0.744461 1.65716 0.312825 0.900603 -0.971593 -1.51587
 -0.474828 2.20165 -0.625353 0.60429 -0.187703 -1.32372
 -0.321224 4.75782 1.49359 0.684269 0.444053 0.423764
 -0.296314 3.68936 4.13892 0.586664 0.879198 -1.85316
 0.400754 2.46217 3.54541 0.912389 0.797602 1.06552
 0.710682 2.14374 2.2285 0.955411 -0.360809 -1.72532
 -0.763565 3.27984 5.18877 0.0407442 -0.39239 1.85335
 1.58956 2.89818 3.50266 0.345253 0.423395 -0.638696
 -0.94259 0.554907 4.89105 0.779211 0.189299 -0.395852
 -0.411662 -1.33598 -0.96843 0.199939 -0.701574 -1.58201
 0.521281 3.06694 1.82315 0.952226 0.146447 0.784764
 -0.496649 -2.91454 1.27776 0.739892 0.19984 0.355147
 0.862388 -0.27808 -2.35751 0.390823 -0.623789 -0.813142
 -0.0499729 1.10114 -0.0813103 0.346062 0.93627 -1.9552
 1.05323 3.29521 -0.102017 0.622184 -0.429389 1.89794
 0.167442 0.171162 -0.592399 0.19152 -0.364888 1.34184
 0.741371 3.55267 2.22826 0.565579 0.735474 -0.525708
 0.201104 -0.229212 1.97865 0.923329 0.484947 0.849032
 0.423628 -0.933822 4.4656 0.457203 -0.837084 1.4998
 0.202697 -0.0106892 -1.25256 0.988755 0.517399 1.77734
 -0.854004 0.55473 -2.09367 0.404448 -0.425318 -1.48027
 -2.30494 2.43403 -1.34009 0.635666 -0.70649 1.27894
 1.11961 1.04361 3.20915 0.0558362 -0.142402 0.217531
 -0.204184 -3.25656 4.21208 0.22074 -0.803854 1.32315
 0.371233 -0.088381 4.79652 0.746988 0.607311 -0.578498
 -0.371623 5.03966 -1.85769 0.329705 0.0121722 -0.33212
 -1.00241 -2.09699 6.3885 0.616482 -0.0318507 -1.14921
 -0.0998957 2.98814 3.91617 0.48248 0.86062 0.738397
 -0.171897 3.63636 -0.00655198 0.730235 0.260618 -1.86977
 -0.475862 3.40298 7.43571 0.742419 -0.749191 1.53111
 1.17128 2.79551 5.48696 0.975922 -0.887842 1.30144
 0.113919 0.913409 3.34485 0.670804 0.148696 -0.444822
 0.663758 2.95926 -0.803533 0.123914 -0.766584 -1.67186
 -1.08953 0.10378 3.37252 0.920371 0.487346 -1.65873
 -0.849504 2.82277 1.83758 0.464933 0.56688 -1.36056
 -0.44342 1.40987 3.78787 0.388127 0.612391 1.7516
 1.36092 2.27481 -0.474774 0.339731 0.769168 0.210138
 0.338257 3.32599 3.81393 0.717634 0.81459 -1.28446
 0.694058 0.52708 4.76112 0.12955 -0.00676739 -0.252028
 0.900796 1.99345 1.04377 0.800271 0.232768 0.392275
 1.00379 0.371321 2.90756 0.424162 -0.414144 -0.989145
 -0.833494 -2.05474 5.23029 0.370565 -0.944678 -0.84815
 0.131408 3.70098 1.83887 0.00103957 0.240544 1.21966
 0.634047 1.95245 6.50827 0.888377 0.419186 0.500608
 -1.222 -0.773716 7.58034 0.0527781 0.645605 1.53118
 1.86438 -0.139917 8.74484 0.671223 -0.346005 0.623717
 0.762162 -1.12873 -0.793864 0.552014 -0.972745 -0.282866
 -0.295423 0.352141 7.93159 0.965165 -0.0684562 0.869078
 0.0754466 1.70345 3.02247 0.401609 0.0625031 1.15693
 0.983471 5.10188 3.16884 0.695069 -0.748378 0.366833
 -0.244882 0.738829 1.90973 0.169706 -0.689996 -0.646487
 0.240434 0.229361 3.04742 0.187238 0.436104 -0.86187
 2.04422 5.48107 2.48003 0.334911 -0.847359 0.17038
 1.36544 0.0851078 0.473054 0.154618 -0.0256104 -0.0848202
 0.103679 3.30354 1.81734 0.458633 0.731249 -1.18926
 -0.693488 -3.7932 2.20384 0.860692 -0.0765915 1.65879
 -0.450951 -0.0678683 -0.570699 0.208864 -0.846631 -1.52749
 -0.370665 0.882272 3.87023 0.347481 0.300803 -0.0263775
 0.10327 -0.324983 0.549363 0.0111021 -0.843014 -1.87119
 1.32629 0.650517 3.90845 0.450402 -0.996246 -0.880232
 -1.07089 4.9101 -3.17616 0.299378 0.146977 -1.46822
 -1.08025 2.32731 5.40064 0.205493 0.368676 0.191234
 -0.58754 2.69407 -0.374809 0.63831 0.851696 0.282887
 0.116163 1.02417 -1.9303 0.933785 -0.987255 -1.65821
 1.44589 -2.06502 -0.184567 0.794026 -0.313238 1.7514
 0.29902 4.24509 1.47039 0.96012 0.152463 1.12437
 -0.781635 0.499349 1.45785 0.131433 -0.937823 0.165475
 0.0990818 1.36936 3.30078 0.109574 0.64219 -1.4012
 -0.370227 -0.0183041 1.20505 0.900762 0.151412 1.58898
 -0.359297 1.17374 1.24157 0.587386 0.308871 1.9859
 0.94561 0.0204741 -0.265598 0.592632 0.0649272 -0.136192
 0.671229 4.90608 -3.69116 0.980065 0.817046 -0.47722
 -0.0101651 -0.337209 3.26254 0.0210224 -0.766743 -0.341682
 -0.907902 0.849137 2.26433 0.838539 -0.982855 -0.0714437
 0.142278 0.550763 0.694505 0.779715 -0.58515 0.533337
 -0.330923 3.57466 7.64879 0.681573 -0.208115 -0.507954
 -0.476188 0.424681 2.42084 0.634054 0.216176 0.353725
 0.482725 4.39471 2.8435 0.526122 0.837219 0.721821
 -0.879943 -0.30781 3.46903 0.290223 -0.472516 1.30127
 1.11316 0.346202 1.01828 0.665818 -0.544259 0.844431
 0.134852 5.49496 4.60767 0.809638 0.561384 -1.52132
 1.49256 -0.665307 -2.16347 0.392629 0.433587 -1.28357
 0.784144 0.891072 -0.698368 0.453328 0.627808 -0.998582
 0.343266 0.898719 2.1572 0.478505 -0.309023 1.44937
 -0.12348 4.96221 4.72565 0.684806 0.105824 1.87482
 -0.232807 1.44631 5.52723 0.0244238 -0.234252 -1.87698
 -0.931988 -0.38156 -0.913285 0.0852327 -0.829951 1.67305
 1.01387 0.965942 -1.16536 0.200014 -0.502129 1.50894
 1.26732 -0.94659 -2.93323 0.699325 -0.517234 1.17628
 -0.0167262 -0.401321 1.25783 0.476955 -0.770152 1.81623
 -1.54492 -3.2965 5.04526 0.27768 0.431694 1.15481
 -1.51969 1.81853 4.88081 0.942245 -0.571489 1.31666
 -1.10238 2.34405 -0.0532988 0.435105 0.947372 -1.0345
 -1.15618 1.90266 0.190896 0.0176696 -0.0275487 0.669298
 -0.964415 1.53361 -3.94823 0.917881 -0.653724 -0.918948
 0.405505 -1.97279 5.29745 0.263182 0.535486 1.63452
 0.759155 -0.00189805 -1.48694 0.803483 0.749733 -1.3704
 -0.382845 1.99148 4.8822 0.468563 -0.767038 -1.69838
 -2.20708 2.37145 -1.53698 0.357151 -0.443237 1.13512
 1.81716 -0.0758237 1.36204 0.611951 -0.641029 1.08023
 0.551313 0.135663 7.29308 0.989893 0.453569 0.00831896
 0.999699 0.883167 3.35176 0.0686367 0.576935 0.159051
 0.0904504 1.02208 -2.08788 0.582206 -0.109195 -0.914899
 0.405831 1.75562 3.30872 0.00344412 -0.187861 -0.00492255
 -0.178173 2.84217 3.24341 0.730282 0.680341 -0.182093
 0.197448 -0.316243 -0.337869 0.524841 0.995303 -0.247894
 -0.261936 -1.2504 0.260876 0.269986 0.324997 -1.06807
 -1.06393 -0.985522 5.5723 0.445648 0.0870983 -1.54404
 -0.690514 2.95805 -1.95937 0.747934 -0.557274 -1.30132
 1.00043 0.371577 -0.0429891 0.571814 -0.518457 1.35287
 -0.541211 1.0449 5.01059 0.541151 0.432822 -0.760463
 0.777456 3.12839 2.1414 0.992993 -0.0453753 -1.61245
 0.200341 -0.256405 8.00001 0.872869 0.1379 1.76242
 -0.536263 0.772886 2.06589 0.595564 -0.698034 0.135137
 0.252438 2.15645 5.25983 0.152457 -0.882099 0.125705
 0.421248 0.437285 -0.496004 0.109176 0.667124 -0.596075
 -0.749661 2.2611 -0.907172 0.141869 -0.727527 -1.53137
 -0.137185 0.332809 -2.70228 0.865953 -0.640463 0.486851
 -0.492953 -0.62076 2.88639 0.508511 0.963341 -0.31314
 0.88121 0.54976 -2.48159 0.291613 -0.327498 -0.00606445
 -0.801362 1.13312 -4.53723 0.270678 0.850861 -1.62733
 1.01495 -0.904118 3.68058 0.403188 0.974306 1.53655
 0.305721 -2.24924 -1.48035 0.184093 -0.514572 -0.226678
 -0.205829 -0.403914 1.13843 0.241187 0.303449 -1.92363
 -0.281166 -2.55029 -1.93156 0.856078 0.979406 -1.61601
 -0.167117 2.94529 4.54141 0.832965 0.288118 1.4009
 0.992263 0.978836 -0.335426 0.0775415 0.889059 1.893
 -0.117839 -1.80743 5.43082 0.77643 -0.236073 -1.98739
 -0.0424034 1.35924 3.48566 0.490792 0.69134 -0.710494
 0.367725 -0.0907164 3.86607 0.106618 0.277184 -0.497264
 0.487566 -1.06811 3.74468 0.780728 0.0423979 0.206099
 1.13779 3.86473 -2.07365 0.867814 0.387654 -0.98616
 -0.387506 1.36833 -1.70371 0.79485 -0.676566 0.632527
 1.43273 4.5534 1.81012 0.167441 0.593708 -0.763659
 0.973389 3.25487 2.28155 0.127088 -0.171392 1.78474
 -1.51029 1.3338 -0.488352 0.188101 0.723511 -0.650001
 1.25904 0.05871 2.90518 0.151518 0.911675 -0.106431
 -0.641342 -0.0228178 1.28573 0.523277 0.057284 -1.31179
 -0.135859 4.7628 -0.600959 0.567315 -0.728517 1.89619
 1.12177 -2.00661 -0.411601 0.7517 -0.231615 0.410864
 -1.06693 1.90612 2.22929 0.893732 0.802151 -1.27526
 0.590532 1.58218 3.09804 0.937644 0.514801 1.68922
 -0.862017 5.01417 -3.40412 0.777469 0.361679 1.82771
 0.298678 -0.178842 4.2091 0.194032 0.381408 -0.248031
 0.668112 0.569709 0.294652 0.423503 -0.963463 1.47836
 -0.353455 1.91554 -1.01582 0.575531 -0.0524787 1.24784
 -1.42639 1.12289 -0.589435 0.302302 -0.293578 0.608487
 -0.369576 0.153093 3.69211 0.506641 -0.714102 -1.60535
 0.251055 -4.26996 -1.38472 0.0713951 -0.956598 0.323409
 -0.499066 -0.206223 3.71114 0.945079 0.408802 1.01528
 0.596608 -0.580937 2.44577 0.629142 -0.664984 0.0106278
 0.660401 1.07714 7.50817 0.486833 -0.361699 -0.0808962
 0.421446 3.63837 2.17724 0.72998 0.905197 1.75648
 -0.320295 -0.444 0.787998 0.348224 0.357879 -1.38122
 1.22906 3.75156 2.60783 0.738571 -0.455273 -1.60401
 0.440325 -2.52265 2.33587 0.0656975 -0.619489 -0.78539
 -1.7303 -0.235541 -2.44993 0.237656 0.63944 1.91134
 -1.04873 1.94494 -0.132851 0.382342 0.322728 0.732646
 0.502992 2.19071 3.14378 0.196775 -0.54433 1.42992
 0.103853 1.53333 -3.09863 0.944824 0.909237 1.3163
 0.209859 2.51958 1.42762 0.16714 0.391867 -0.708568
 1.59565 -0.755105 5.21356 0.297373 0.470732 -0.562634
 0.950912 1.53308 6.17259 0.0666417 -0.733285 1.17433
 0.202722 -0.0446851 1.74886 0.686023 -0.51377 1.20515
 -0.945062 0.852996 -1.37747 0.0719568 -0.43936 0.892954
 -0.853481 -0.195608 -1.98331 0.119956 -0.692218 -1.81121
 -0.377835 2.28247 3.26993 0.15545 0.703711 1.16184
 -0.309112 2.00052 3.63213 0.456805 0.900477 1.10262
 0.334431 3.7151 3.21766 0.363295 -0.888649 -0.854008
 -1.98493 1.98394 -1.71442 0.396261 0.522184 0.434783
 0.617364 2.45139 11.9307 0.32396 -0.154388 1.81882
 -2.22393 0.207478 8.14689 0.42838 -0.755284 -1.67693
 0.863867 2.77624 1.89574 0.0433762 -0.575035 1.4985
 -0.567675 3.11045 1.11326 0.512144 0.032546 0.419918
 0.0835474 3.38645 1.45579 0.44235 0.975312 1.03816
 -0.228355 1.97146 1.96777 0.788212 -0.301197 1.47509
 0.648092 3.47559 2.62021 0.241628 -0.994724 -1.42867
 0.446136 3.54144 1.47997 0.29785 0.619047 1.89454
 -1.41935 0.445654 1.90602 0.997352 -0.916274 -0.355119
 -1.3513 3.6685 -0.173641 0.426652 -0.979767 -1.39782
 -1.0087 0.278325 2.75966 0.977297 -0.628864 0.574275
 0.434837 0.136986 3.59028 0.82262 -0.950516 -1.60183
 -0.318717 3.68091 0.822069 0.338415 0.488051 -0.439294
 -0.184655 2.1566 3.3471 0.0687589 0.669336 1.0159
 -0.772389 0.9992 1.7667 0.460038 -0.478814 -1.66493
 1.69722 4.66908 4.43951 0.967266 -0.478032 0.111992
 -0.828208 0.789264 -1.36679 0.23004 0.285475 0.0713468
 -0.699863 0.93925 -0.988687 0.0644502 0.996754 1.11187
 0.331873 2.26771 1.22987 0.304371 0.172101 1.73269
 -0.472023 -2.69409 2.42581 0.557719 0.248958 -0.267617
 0.624553 2.64121 7.9856 0.160424 0.269683 0.768121
 0.317862 -1.22209 2.61248 0.399949 0.175764 -1.61505
 -0.348793 2.39687 5.16231 0.314004 0.805129 1.9366
 1.75839 2.80033 -2.81209 0.761054 -0.878379 -1.10729
 -0.223622 8.31472 -0.900203 0.333883 -0.896424 -1.94901
 0.105091 4.67902 2.90838 0.48968 -0.293905 -0.990488
 0.997919 -2.5114 3.75501 0.67519 -0.336238 -1.39639
 0.188475 1.65569 -1.71075 0.144025 -0.966297 -0.00482097
 -0.954352 -0.54176 -0.618224 0.0561816 0.325555 -0.86126
 -0.26895 3.06084 -2.24057 0.512377 0.200022 1.76359
 2.07727 -1.00723 2.75023 0.745808 -0.882981 -1.50839
 0.0504155 5.6587 4.17187 0.632272 -0.237684 -0.357813
 -0.288607 -0.648576 1.57773 0.594757 0.330257 0.854539
 0.173833 1.0145 7.48187 0.552796 0.552186 -0.79362
 0.44878 0.327213 -0.127325 0.134505 0.661497 0.783805
 -0.863446 1.79548 5.80621 0.426359 -0.169592 1.59398
 1.03654 3.95053 3.18085 0.896682 0.524337 0.246754
 0.999914 2.43064 0.406243 0.637897 -0.496679 -0.155373
 -2.03495 4.1057 0.899658 0.510986 -0.435055 -1.17695
 0.0457457 0.949986 2.27644 0.590857 -0.307579 -0.732692
 0.71456 4.82771 -0.322408 0.859616 0.269282 0.269669
 1.09791 2.46194 6.05855 0.212179 -0.102262 -1.89804
 0.579075 3.13556 -3.54499 0.627147 0.717163 1.18292
 1.09738 3.22094 -1.22447 0.101163 0.913345 1.74895
 -0.565664 3.52835 2.68318 0.00829152 0.67065 1.51955
 1.31826 -0.138653 -0.399692 0.701033 -0.654832 -1.12402
 -0.385949 0.128281 0.18249 0.652564 -0.284641 -1.22611
 0.0726876 1.84146 3.54581 0.675567 0.580961 -1.28428
 -1.42023 -2.56847 5.24336 0.345537 -0.196219 1.33865
 -0.252476 2.30816 -0.369077 0.308577 0.969728 -0.803344
 0.468911 -0.216273 1.90627 0.832411 0.910331 -0.857933
 -0.952676 -0.290515 1.79616 0.669546 0.93336 0.775526
 0.311595 -1.91862 3.83886 0.871389 0.455095 -0.660591
 -0.533868 -0.90578 1.43215 0.0620178 -0.0358587 -1.27027
 -0.239368 -0.85914 3.70489 0.360644 -0.227492 1.05722
 0.233868 2.17497 5.70892 0.469826 0.774288 0.183813
 -0.127026 0.317673 2.17498 0.117321 0.714028 1.12397
 1.46465 3.04222 2.65416 0.72568 0.925984 -0.469285
 -0.225479 3.06114 2.37108 0.201809 -0.923631 -1.40548
 0.0815285 0.949485 -0.740231 0.580857 0.956862 -0.545806
 -0.126556 3.08256 3.67209 0.0102094 -0.416197 0.019772
 -0.0443768 2.63277 4.53699 0.147086 0.961832 -1.25611
 -0.27077 -0.210271 7.89253 0.914176 0.225383 1.98906
 -0.384931 -2.65763 2.67396 0.280204 -0.647026 1.60476
 0.0343405 0.787923 1.09644 0.975964 0.656204 1.92914
 0.585135 -0.371724 4.27137 0.213969 0.179465 0.938876
 2.61111 0.532727 0.352832 0.428671 -0.627335 0.269358
 -0.895363 0.0420875 -0.575133 0.415473 0.392038 1.86768
 0.495379 -0.292493 0.923796 0.501698 0.663234 -1.45099
 -1.4992 1.42058 -0.401576 0.672284 0.0370485 0.3932
 -0.549129 0.600568 -0.596009 0.528434 0.489634 -0.579744
 0.525754 0.565578 3.56063 0.380554 0.268249 0.881826
 -0.318387 -0.254358 4.34974 0.362195 0.492235 0.481933
 0.346715 4.65854 4.11615 0.935955 -0.801532 1.84805
 -1.00846 1.65616 1.35038 0.711264 -0.670079 1.17144
 -0.623014 3.03372 4.90374 0.0073776 -0.122654 -0.807492
 -0.0921671 -0.258167 3.09587 0.881446 0.935148 -1.40292
 0.847563 1.01089 0.476758 0.540894 -0.567648 1.72777
 0.605076 1.34832 3.2641 0.82881 0.179846 0.681388
 -0.452969 -2.07646 5.5129 0.497605 0.0934241 -0.331736
 -1.27073 2.57421 3.14843 0.789293 0.669915 0.85157
 0.844179 1.62265 -0.833393 0.55394 0.868975 -0.593418
 -1.69584 0.139246 2.05892 0.982459 -0.0738702 -1.03694
 1.32534 5.33567 1.52274 0.960493 0.352261 -0.152852
 -0.0677107 1.21344 5.16525 0.329861 -0.643708 0.769106
 -0.323624 0.219853 -1.63286 0.378284 0.0139092 -1.62268
 0.64083 0.530537 4.17313 0.900625 0.45537 1.81424
 0.217829 -3.00821 2.06063 0.218224 -0.534233 -1.27311
 -0.791881 -1.33521 6.08418 0.701822 -0.853836 1.65551
 -1.20497 0.372623 5.40663 0.727283 0.388939 -1.06284
 0.26283 0.691443 1.17594 0.421216 0.211746 1.89319
 1.54432 2.08262 1.4811 0.00441659 -0.327606 -1.326
 -0.199496 -1.33662 -2.04995 0.365323 -0.556009 -0.593905
 1.66797 1.76821 1.37327 0.275524 0.673943 -1.43553
 -1.96391 -0.393451 7.79336 0.446971 -0.578762 0.47848
 -0.570764 1.59277 0.064334 0.0840559 -0.851502 1.66245
 -0.0400566 -1.21516 2.46958 0.897694 -0.143822 -1.66307
 -0.729032 1.3947 0.371847 0.551445 0.0825999 0.739718
 -0.759471 1.13073 3.59137 0.073688 -0.215368 -0.854315
 0.444166 3.74588 2.89913 0.409742 -0.913278 -0.86571
 -0.484742 1.17757 1.446 0.83098 -0.957562 -1.53823
 -0.042911 3.45057 -0.975186 0.515695 0.631914 -1.32487
 0.470878 -0.0145792 -2.69599 0.920347 -0.879714 -0.709015
 -0.033936 2.44033 -0.782792 0.674719 0.892763 -0.851329
 0.38395 0.256473 3.05749 0.664631 -0.964303 1.64695
 -0.291929 2.64228 3.99803 0.286185 -0.592886 1.41227
 -0.725629 1.46352 2.42113 0.126594 -0.573054 -0.0677908
 -1.40446 2.19192 8.05033 0.473543 -0.325788 0.196824
 -0.382682 0.076112 6.2658 0.311455 0.451325 1.96032
 0.918313 -1.61025 5.74651 0.865247 0.31936 0.0625178
 -0.657892 2.65381 1.34768 0.239299 -0.153878 0.688669
 -1.01709 0.438892 1.62492 0.864904 -0.0706727 0.683305
 -0.282085 -0.348641 -1.64735 0.481533 0.516699 0.561322
 -1.02604 1.95528 -0.343871 0.206378 0.0720812 0.894529
 0.109592 0.162232 4.14096 0.966728 0.480036 1.39058
 -0.527448 0.531473 -0.225329 0.897878 0.147911 -1.4947
 0.0211575 2.14512 3.44348 0.588478 -0.141511 1.57836
 0.249803 1.43048 -0.373345 0.651588 0.348805 0.623609
 0.906666 0.239589 -3.21088 0.712094 0.138559 -1.21719
 0.159619 3.80158 1.35842 0.410164 0.808626 0.433317
 -0.4333 1.09825 2.70173 0.538204 -0.781169 0.0440594
 1.01756 1.16104 4.39652 0.110616 0.533074 1.52957
 0.626552 0.208447 3.41482 0.813554 0.154297 1.99871
 -0.104064 1.19186 10.07 0.786471 0.460569 -0.517492
 -1.92157 1.29812 -1.02487 0.525884 0.837873 0.939847
 -0.838035 2.96759 -1.75378 0.0401736 -0.473766 -0.618755
 -2.66437 5.46172 7.85421 0.0499106 -0.391092 -1.07101
 -1.07778 4.35304 1.90733 0.37084 0.351536 1.29805
 -0.0052917 0.753833 -3.54617 0.325893 -0.303405 -0.0440664
 1.17547 1.36911 3.92382 0.696297 -0.954544 -0.0837588
 -1.69187 0.874607 3.90569 0.869928 0.886195 -1.64372
 -1.34505 0.0546945 0.937505 0.882281 0.153024 1.52569
 0.815783 5.00497 -1.52902 0.259443 -0.366245 1.4468
 -0.0628416 0.126418 -0.400663 0.888463 -0.0855501 1.6567
 1.33965 0.359033 -1.72142 0.115334 0.351818 0.294706
 -1.32741 4.37793 2.2603 0.979433 -0.226578 -1.21186
 1.42459 2.57164 0.528255 0.850381 0.789306 0.333775
 -1.70361 1.03015 -0.0522423 0.592816 0.631047 -0.958453
 0.279207 -2.50194 1.70817 0.363 -0.870748 -1.57016
 -1.3343 1.78234 4.07436 0.340585 -0.617269 0.959677
 -1.50821 0.842862 -0.0189325 0.158489 0.613379 0.0166683
 -0.031033 1.50087 1.77994 0.900968 0.390953 -0.770143
 -0.269664 1.04032 1.8097 0.745424 -0.424452 -1.53373
 0.696938 -0.525105 2.75545 0.604577 -0.471715 1.63722
 -0.790987 -3.1661 -4.05656 0.742996 -0.108437 0.619494
 0.45309 4.40793 8.19465 0.524004 0.494627 1.29862
 -1.2338 4.08467 -1.34777 0.543212 -0.294655 1.33691
 0.913379 1.31382 4.45572 0.850894 0.442462 1.85386
 -0.793714 2.84782 2.43252 0.445831 0.524182 -0.20706
 -1.60982 1.531 1.44765 0.305603 -0.777879 0.482195
 -1.39588 2.87799 2.76365 0.548386 0.148317 0.0595077
 0.29349 -3.82143 1.04302 0.899661 -0.262513 -1.20456
 0.897479 2.36678 1.905 0.331552 0.859618 -0.0149087
 1.22311 0.819072 -0.119245 0.959605 0.534665 -0.715828
 -0.321692 -0.647891 0.32365 0.722538 0.771616 -0.583267
 -0.216993 -1.4808 -3.03794 0.407643 -0.319594 -0.202826
 0.555487 0.786423 2.35046 0.85101 0.232728 1.81032
 1.18419 -2.23022 1.78773 0.562574 0.787637 -1.5854
 -0.380002 2.24914 -1.95411 0.89904 -0.0338441 -0.915545
 1.0435 2.10101 0.732269 0.071069 -0.728066 1.64531
 0.491556 0.732121 5.00594 0.498179 0.711704 -1.812
 0.242351 2.88341 6.01297 0.105558 -0.818579 -1.12222
 0.890351 0.914163 0.16256 0.482615 0.861583 -0.35
 -0.774584 -0.268397 0.258958 0.0938614 0.435506 0.0395358
 -0.149573 2.4158 4.56318 0.767693 -0.0659102 -1.38888
 -0.631976 -0.572145 3.29104 0.432872 -0.0427803 0.751597
 -0.104723 5.06636 4.70477 0.474392 -0.979805 1.01271
 -0.338395 0.99843 0.673943 0.701942 -0.354103 -1.86736
 -0.381636 0.0753348 3.01376 0.387405 0.790881 0.564406
 -0.544155 2.86992 0.696398 0.592064 -0.500026 -0.249298
 0.498943 3.28955 5.33094 0.650153 -0.531963 0.595456
 -1.64335 -2.0587 2.04563 0.399436 0.135682 -1.59352
 -0.0490975 0.621249 5.11915 0.1746 0.109746 1.14163
 0.927192 2.62562 3.1659 0.994289 0.647491 -0.27755
 -1.78997 -0.662921 2.26598 0.710909 0.880275 -0.503166
 -0.06999 -1.78505 0.320374 0.851322 -0.160891 -0.625874
 0.366406 0.874142 3.75866 0.095258 -0.932321 -1.19853
 -0.617541 -0.801885 1.75527 0.442864 -0.158691 -0.305121
 0.29518 1.19903 5.87269 0.958472 0.169616 1.98739
 -0.423698 1.98349 2.35279 0.461331 0.00383897 -1.44534
 -0.0925817 -0.488249 1.59017 0.389197 -0.873559 1.85157
 0.862212 1.34233 5.88867 0.330257 0.15555 1.59546
 -1.34256 -4.54314 -0.0135545 0.136468 -0.387419 -0.208177
 -0.104251 1.27101 1.59737 0.253905 -0.4557 -0.679918
 -1.61581 -0.5932 4.35321 0.626079 -0.219916 0.0880168
 -1.33362 2.80105 9.89124 0.626623 -0.618611 1.2218
 -0.138486 0.831956 -1.44992 0.340171 -0.586212 1.55008
 0.776339 -0.425481 2.46175 0.639967 -0.0942526 -0.247851
 -0.609481 0.0956603 -0.738175 0.24838 0.669409 0.493913
 -1.13623 2.34516 -2.247 0.841068 -0.556533 0.502703
 0.108348 0.769822 3.07237 0.0220359 0.919819 -1.82187
 0.290054 -0.597072 2.33731 0.758547 0.831315 -1.02978
 1.71008 -1.4119 -2.67566 0.781621 -0.104969 1.70829
 -0.259769 1.69231 -1.00749 0.784344 0.0694383 0.167092
 -0.0251333 1.49514 -1.16994 0.1107 -0.273866 0.874635
 2.01913 -3.13434 2.59238 0.989444 0.547993 -1.89251
 -0.609754 -0.186466 4.53447 0.12375 0.116203 -1.24323
 1.62009 -0.56007 1.40681 0.0836319 0.25623 -1.85599
 0.0104311 2.99608 1.86684 0.305298 0.540806 0.869144
 0.17692 2.1172 -1.29186 0.707534 -0.180685 0.561183
 0.102504 -3.59446 -1.97417 0.567789 -0.235816 1.40865
 -1.16291 -0.446519 -3.57927 0.813598 0.408495 0.762016
 -0.956948 -2.18198 3.33439 0.00911944 -0.187405 1.58127
 0.340562 0.419781 -3.76531 0.479891 0.0233684 1.73577
 1.38334 1.90417 0.222986 0.807681 0.678467 1.00717
 -0.667921 -0.571973 3.3828 0.57234 -0.187883 1.89794
 0.119237 3.51275 0.236919 0.488353 0.689438 -0.347079
 -1.39813 2.1884 1.43707 0.688878 -0.586535 0.446228
 0.122046 0.0984122 2.02451 0.582642 0.104248 0.901199
 0.495531 3.40228 -3.3381 0.0823789 -0.193779 0.964954
 -0.397424 2.04295 4.12092 0.961718 0.368428 -0.443237
 -0.945418 2.85936 1.59155 0.612807 0.213368 -1.25507
 0.91382 1.99107 5.12074 0.396724 0.724654 1.92631
 0.241415 0.487817 -3.18838 0.683722 0.174412 -0.342396
 0.4744 4.06774 6.15349 0.965365 0.522156 -1.58741
 -0.430834 1.3451 -2.46702 0.0707887 0.788836 -1.53592
 -1.69759 2.91972 0.752574 0.279236 0.19685 0.302241
 -0.772811 2.24779 -2.72125 0.509726 0.991742 -1.82168
 -1.5908 1.60725 2.74601 0.574569 0.911527 0.630116
 -0.739519 -0.760083 3.39432 0.566992 0.247341 -0.0588952
 -0.64912 2.50858 4.17597 0.475687 0.453805 -0.962595
 -2.04598 -1.57488 5.02467 0.282579 -0.881644 0.453781
 -0.119295 2.61574 3.20047 0.689598 0.357242 -1.15901
 0.606135 2.80563 4.11304 0.0504887 -0.408972 -1.83157
 -1.3953 1.19643 0.362655 0.686661 -0.217568 -1.69549
 -0.515291 -2.76839 0.607835 0.3053 -0.545618 -1.90982
 0.0888878 -1.29569 6.21054 0.293694 -0.726936 -1.15156
 1.40526 2.89571 1.62868 0.816434 0.761019 -0.857621
 -0.746882 -0.497727 -1.3459 0.87293 -0.260542 1.90532
 -1.08173 -3.09115 2.69097 0.11461 0.29861 1.72323
 0.787307 1.23966 0.520543 0.500698 0.318363 0.583071
 1.12772 1.98426 0.495242 0.0425249 0.380322 -0.350429
 0.382166 0.267756 4.55852 0.631017 0.599723 -1.65848
 0.172435 2.4461 -1.64883 0.603995 -0.566799 0.488975
 -0.344248 0.27874 1.09085 0.372401 0.534842 -1.88886
 -0.422402 2.53286 2.16179 0.485404 -0.897856 -0.925691
 1.28863 2.06365 0.680089 0.72305 -0.504077 -0.896676
 1.23936 3.67684 4.51673 0.673935 -0.692174 -0.918577
 -0.0372811 3.94586 5.35866 0.142428 -0.955801 -0.272914
 -2.07228 0.806479 4.24706 0.124498 -0.121771 -1.25446
 -0.143939 1.89161 2.36333 0.439038 -0.216114 -0.637661
 -0.31658 1.79915 1.89693 0.136801 0.640091 0.334626
 -1.5164 -0.364398 1.02838 0.84763 0.358857 -1.21462
 0.990269 0.871937 -0.884832 0.538289 -0.674666 -1.79141
 0.853733 2.2106 7.816 0.188619 -0.0302577 0.149296
 0.922832 3.42355 4.2975 0.860537 0.85164 0.346104
 0.933684 2.62757 3.57867 0.967333 -0.549867 1.06135
 -0.27923 3.16355 3.76373 0.178208 -0.745066 -0.00661421
 0.679836 1.59145 0.419461 0.0900231 0.354093 -0.751441
 -0.60082 0.583383 2.7124 0.588236 0.037804 0.938187
 -0.472568 3.03338 4.21774 0.862275 0.773583 1.22731
 -0.646075 1.24214 0.31772 0.926806 0.693508 -1.30543
 -1.59467 -0.293091 -4.82032 0.219931 -0.358767 0.922992
 1.56945 5.62789 4.76437 0.491451 0.164423 -0.369947
 -2.2062 1.87663 3.07353 0.989837 -0.422264 0.343451
 2.02902 -0.577624 2.42924 0.384165 0.855049 1.95882
 -0.761654 -0.0382081 4.42478 0.304044 -0.074236 1.98258
 0.728858 1.16528 1.84575 0.982954 -0.959367 0.582064
 0.0348338 -4.22187 2.16198 0.661417 0.817212 1.65333
 -0.265131 -0.84703 4.25208 0.937906 -0.366382 -0.432607
 0.168045 3.65245 4.54676 0.588866 -0.824825 -1.87909
 -0.759569 0.373602 0.568363 0.834779 0.0249459 -1.1259
 -1.11106 -1.38156 6.08021 0.579457 0.0180856 -1.25001
 -0.396931 -1.16921 0.558709 0.273813 -0.507108 0.213362
 -0.130233 -0.049702 -3.03308 0.141427 -0.982576 0.627708
 0.323384 2.25953 -1.33948 0.3219 -0.374088 1.76117
 -1.16598 0.723799 2.728 0.425185 -0.335915 -0.692722
 1.55138 -2.75968 3.54759 0.0726747 -0.414038 1.74719
 -0.693567 1.58876 4.63537 0.0228324 0.459106 1.82204
 -1.14198 3.85966 -0.181412 0.945022 0.839424 1.42062
 -1.40211 5.47413 2.28299 0.998604 0.278943 1.08253
 -0.488735 1.0915 5.23518 0.469108 -0.438354 -1.62847
 -0.922494 -0.630307 6.55984 0.989289 0.921642 -0.120697
 1.59207 3.3784 3.14767 0.409671 -0.495937 0.328159
 1.63732 3.86597 2.05584 0.774132 0.306472 -0.684139
 -0.0964982 1.05966 1.00447 0.485593 0.890929 -1.6408
 0.651348 0.59328 -2.03295 0.284853 0.115024 0.545351
 -0.907399 -0.84876 4.09527 0.899558 -0.0722281 -1.07513
 2.24944 -0.240043 2.27631 0.554147 0.745687 1.86681
 -0.719307 -2.25962 6.3986 0.134637 -0.458936 -1.46007
 0.00781702 -0.0194229 3.02222 0.546663 -0.178937 -1.16614
 -0.309833 -0.469782 2.2028 0.772547 0.122247 1.84939
 -1.00797 2.96385 -2.10252 0.441708 -0.843277 -0.0314882
 -0.314149 1.6891 4.00703 0.437241 0.431184 -1.46839
 0.159318 0.197783 -0.942541 0.114363 0.387423 -0.50072
 -0.954604 2.22205 4.33461 0.260949 -0.188942 0.590126
 -0.634264 2.17646 6.91508 0.715934 -0.577873 -1.91561
 -0.84847 2.2413 1.01985 0.464249 0.201258 -1.04779
 -1.60078 0.552512 -1.66841 0.807092 -0.948433 -0.936282
 1.40807 1.20384 9.88694 0.595464 0.426206 -1.0236
 0.645349 -0.675296 4.71348 0.941053 -0.967373 1.32937
 0.711742 -2.36295 3.49342 0.678424 0.677179 -0.947141
 -0.444306 1.00891 -0.196797 0.600728 -0.310691 0.533439
 -0.411794 0.359267 -1.07529 0.223878 -0.94482 -1.44555
 0.233108 0.230872 -0.730005 0.473642 -0.519423 1.23515
 -0.984357 3.84973 3.30493 0.00578164 -0.965732 1.52617
 1.11376 -1.04596 3.63119 0.637301 0.866627 1.993
 -0.461858 0.280738 -0.305012 0.705414 -0.261208 -1.22678
 0.76828 0.249161 5.90138 0.601846 -0.5118 1.93823
 0.292695 2.2268 -0.286393 0.99296 -0.511004 -0.855131
 -0.456378 2.36329 -1.95072 0.763136 0.979012 0.00603518
 1.85734 -0.582145 2.90625 0.303154 -0.83942 0.805599
 1.19486 2.5358 9.00044 0.326627 -0.668827 -0.685387
 1.19054 -1.98577 1.75657 0.567963 0.790069 -0.558488
 -0.880446 3.26835 1.13066 0.672657 -0.0549839 -1.00583
 -0.71358 3.39763 1.36972 0.984539 -0.25736 0.00243801
 0.148937 0.514752 1.26194 0.411149 0.714434 0.361151
 -0.086061 -2.90934 1.10756 0.746769 -0.800279 -0.398209
 0.322747 -1.13045 0.734632 0.145012 -0.776505 0.108281
 0.817586 0.278945 4.66462 0.940278 -0.739837 1.58673
 -0.0817626 -0.633313 3.54102 0.565055 0.371701 0.652272
 1.49306 1.17237 6.99499 0.804406 0.15035 1.92222
 0.0465931 3.04589 5.60363 0.665407 0.51455 -0.344728
 2.33594 2.52077 5.74375 0.0619659 -0.831223 -0.998212
 -1.68091 2.7697 1.6406 0.277827 0.0359688 1.69463
 -0.0907211 5.16899 6.45387 0.548679 -0.785913 -0.683472
 -0.410411 -0.975106 7.51388 0.176094 0.833964 -0.628138
 1.204 -2.97429 2.49023 0.936572 -0.686717 0.648251
 -0.0745281 -0.294318 -0.999691 0.0273621 0.589505 -0.95723
 0.694699 -2.98474 -0.607787 0.333942 -0.563579 -1.17646
 0.243184 4.30836 3.7919 0.147532 -0.540174 -0.489482
 0.792558 -1.14914 4.48297 0.594209 -0.709882 -0.496849
 -0.0295903 0.749322 2.60388 0.058369 0.676262 0.986667
 -0.517332 -2.08017 0.710829 0.163001 0.13458 -0.32311
 -0.115695 0.169314 1.73428 0.166483 0.347502 0.812834
 0.278178 7.60795 3.74687 0.223402 0.216735 -1.92213
 0.925335 1.91735 3.42605 0.180373 -0.505572 -0.0733889
 -1.20878 0.160174 6.40454 0.921747 0.452085 1.31288
 -1.95272 5.28746 4.31583 0.37234 0.0656294 0.415887
 0.11239 -1.55933 0.271419 0.140458 -0.513502 0.997052
 -0.406602 -2.06839 1.58205 0.174209 0.337331 -0.656527
 0.413375 -2.6634 3.0757 0.0306933 -0.24235 -1.1347
 0.835389 2.40855 2.37154 0.236267 -0.494636 0.213416
 -0.93338 -2.41866 8.01371 0.755776 0.0167485 -1.086
 0.0265575 1.89751 3.36943 0.742665 -0.290948 1.13272
 0.522582 -0.748637 5.24908 0.252687 0.805436 1.4068
 -0.196144 -0.785016 6.93873 0.47167 -0.76249 -0.796965
 -1.06452 1.58103 3.96492 0.0599229 0.32871 -1.11626
 -0.290326 -0.219247 5.18073 0.0123762 -0.786922 -0.639128
 -0.513408 -0.678441 -0.925246 0.016659 -0.95584 -0.526516
